# Common metadata for action/proprio (copied from data_config.py)
action_proprio_metadata:
  action:
    mean: [1.9296819e-04, 1.3667766e-04, -1.4583133e-04, -1.8390431e-04, -3.0808983e-04, 2.7425270e-04, 5.9716219e-01]
    std:  [0.00912848, 0.0127196, 0.01229497, 0.02606696, 0.02875283, 0.07807977, 0.48710242]
    min:  [1.9296819e-04, 1.3667766e-04, -1.4583133e-04, -1.8390431e-04, -3.0808983e-04, 2.7425270e-04, 5.9716219e-01]
    max:  [0.00912848, 0.0127196, 0.01229497, 0.02606696, 0.02875283, 0.07807977, 0.48710242]
  proprio:
    mean: [1.9296819e-04, 1.3667766e-04, -1.4583133e-04, -1.8390431e-04, -3.0808983e-04, 2.7425270e-04, 5.9716219e-01]
    std:  [0.00912848, 0.0127196, 0.01229497, 0.02606696, 0.02875283, 0.07807977, 0.48710242]
    min:  [1.9296819e-04, 1.3667766e-04, -1.4583133e-04, -1.8390431e-04, -3.0808983e-04, 2.7425270e-04, 5.9716219e-01]
    max:  [0.00912848, 0.0127196, 0.01229497, 0.02606696, 0.02875283, 0.07807977, 0.48710242]
